2 1 1.2
2 3 1.9
3 5 1.5
4 5 1.2
5 6 7.8
5 7 3.5
5 8 2.2
6 4 1.1
7 6 2.4
9 5 1.8
10 9 1.9
11 2 1.4
8 7 6.2
11 3 5.0
6 9 2.2
7 8 5
19 3 4.1
5 19 2.8
4 6 3.3
8 2 1.0
3 8 2.5
4 7 5.5
8 7 2.5
13 6 5.2
6 12 3.6
4 13 8.1
6 15 1.1
8 18 2.2
7 15 6.0
5 19 3.2
6 14 5.5
7 11 2.8
8 14 6
9 18 3.2
7 19 3.8
9 12 2.5
8 1 1.7
7 6 2.2
18 3 4.5
16 4 2.8
18 4 3.3
16 5 2.5
14 7 5.0
16 3 2.8
15 4 9.0
17 3 2.7
12 5 3.5
13 6 5.0
13 9 4.4
7 15 6.0
5 19 3.2
6 14 5.5
7 11 2.8
8 14 5.3
9 18 3.9
7 19 3.1
9 12 2.5
8 1 1.7
7 6 2.2
18 3 4.8
16 4 2.8
18 4 3.2
16 5 2.5
14 7 5.0
16 3 2.7
15 4 9.0
17 3 2.7
12 5 3.4
13 6 5.0
13 9 4.4